0 475 (32, 3, 3, 3) 476 (32,)
1 478 (32, 1, 3, 3) 479 (32,)
2 481 (16, 32, 1, 1) 482 (16,)
3 484 (96, 16, 1, 1) 485 (96,)
4 487 (96, 1, 3, 3) 488 (96,)
5 490 (24, 96, 1, 1) 491 (24,)
6 493 (144, 24, 1, 1) 494 (144,)
7 496 (144, 1, 3, 3) 497 (144,)
8 499 (24, 144, 1, 1) 500 (24,)
9 502 (144, 24, 1, 1) 503 (144,)
10 505 (144, 1, 3, 3) 506 (144,)
11 508 (32, 144, 1, 1) 509 (32,)
12 511 (192, 32, 1, 1) 512 (192,)
13 514 (192, 1, 3, 3) 515 (192,)
14 517 (32, 192, 1, 1) 518 (32,)
15 520 (192, 32, 1, 1) 521 (192,)
16 523 (192, 1, 3, 3) 524 (192,)
17 526 (32, 192, 1, 1) 527 (32,)
18 529 (192, 32, 1, 1) 530 (192,)
19 532 (192, 1, 3, 3) 533 (192,)
20 535 (64, 192, 1, 1) 536 (64,)
21 538 (384, 64, 1, 1) 539 (384,)
22 541 (384, 1, 3, 3) 542 (384,)
23 544 (64, 384, 1, 1) 545 (64,)
24 547 (384, 64, 1, 1) 548 (384,)
25 550 (384, 1, 3, 3) 551 (384,)
26 553 (64, 384, 1, 1) 554 (64,)
27 556 (384, 64, 1, 1) 557 (384,)
28 559 (384, 1, 3, 3) 560 (384,)
29 562 (64, 384, 1, 1) 563 (64,)
30 565 (384, 64, 1, 1) 566 (384,)
31 568 (384, 1, 3, 3) 569 (384,)
32 571 (96, 384, 1, 1) 572 (96,)
33 574 (576, 96, 1, 1) 575 (576,)
34 577 (576, 1, 3, 3) 578 (576,)
35 580 (96, 576, 1, 1) 581 (96,)
36 583 (576, 96, 1, 1) 584 (576,)
37 586 (576, 1, 3, 3) 587 (576,)
38 589 (96, 576, 1, 1) 590 (96,)
39 592 (576, 96, 1, 1) 593 (576,)
40 595 (576, 1, 3, 3) 596 (576,)
41 598 (160, 576, 1, 1) 599 (160,)
42 601 (960, 160, 1, 1) 602 (960,)
43 604 (960, 1, 3, 3) 605 (960,)
44 607 (160, 960, 1, 1) 608 (160,)
45 610 (960, 160, 1, 1) 611 (960,)
46 613 (960, 1, 3, 3) 614 (960,)
47 616 (160, 960, 1, 1) 617 (160,)
48 619 (960, 160, 1, 1) 620 (960,)
49 622 (960, 1, 3, 3) 623 (960,)
50 625 (320, 960, 1, 1) 626 (320,)
51 628 (1280, 320, 1, 1) 629 (1280,)
52 classifier.1.weight (1000, 1280, 1, 1) classifier.1.bias (1000,)